6	 0.000000	
4	 0.256857	
10	 7.538886	
8	 7.695090	
6	 7.828830	
4	 7.920918	
8	 8.309013	
6	 8.550419	
6	 9.666831	
4	 9.767475	
4	 9.956643	
2	 9.971248	
6	 9.987192	
4	 10.594114	
2	 10.679213	
10	 11.036862	
8	 11.040385	
8	 14.737363	
6	 14.949748	
10	 15.043960	
12	 15.088763	
4	 15.109270	
8	 15.188571	
2	 15.205082	
2	 15.232800	
6	 15.304695	
10	 15.318295	
10	 15.428937	
8	 15.443205	
6	 15.545398	
4	 15.590369	
8	 15.633681	
8	 15.724886	
6	 15.732633	
4	 15.923986	
6	 15.954268	
4	 16.921813	
6	 16.937215	
2	 16.990993	
6	 17.120355	
8	 17.231678	
4	 17.232441	
2	 17.266228	
6	 17.327717	
4	 17.382798	
6	 17.658710	
4	 17.669385	
2	 17.674040	
8	 17.707424	
6	 17.877945	
4	 17.962371	
4	 18.021579	
10	 18.167964	
2	 18.185424	
12	 18.306003	
2	 18.306683	
4	 18.325694	
8	 18.327012	
6	 18.431968	
8	 19.045196	
10	 19.069789	
10	 20.601135	
8	 20.796996	
6	 20.935595	
4	 21.028744	
2	 22.676723	
4	 22.837532	
10	 23.321145	
8	 23.507729	
10	 23.974918	
8	 23.993515	
6	 24.038713	
12	 24.057058	
8	 24.067458	
14	 24.094071	
4	 24.137701	
12	 24.154399	
10	 24.184591	
6	 24.219123	
8	 24.219543	
10	 24.241196	
6	 24.245745	
2	 24.266532	
12	 24.270891	
8	 24.274699	
10	 24.304456	
4	 24.313326	
4	 24.355721	
6	 24.391504	
8	 24.392941	
10	 24.399536	
4	 24.400861	
12	 24.429675	
8	 24.431728	
2	 24.449638	
10	 24.471486	
6	 24.474504	
8	 24.498495	
6	 24.536536	
4	 24.547082	
2	 24.553037	
6	 24.556463	
10	 24.634071	
8	 24.664228	
6	 24.947480	
4	 25.011599	
6	 26.021202	
4	 26.040796	
6	 26.056412	
8	 26.066423	
4	 26.176029	
8	 26.194305	
2	 26.196131	
10	 26.199550	
4	 26.241510	
6	 26.244927	
8	 26.262457	
2	 26.310517	
10	 26.336128	
12	 26.349785	
8	 26.377934	
6	 26.402563	
10	 26.408034	
6	 26.411820	
4	 26.424389	
6	 26.425205	
2	 26.426196	
8	 26.447290	
4	 26.447341	
2	 26.460481	
6	 26.472459	
8	 26.509767	
4	 26.565412	
8	 26.573289	
4	 26.576998	
10	 26.605554	
6	 26.619752	
2	 26.623149	
10	 26.625357	
6	 26.627632	
8	 26.637369	
6	 26.655315	
8	 26.656664	
6	 26.669055	
2	 26.676532	
4	 26.681050	
6	 26.708335	
2	 26.751021	
4	 26.753677	
4	 26.756701	
8	 26.777728	
8	 26.782779	
6	 26.798571	
4	 26.809763	
6	 26.827238	
4	 26.836210	
6	 26.850729	
2	 26.883929	
12	 27.315107	
14	 27.327796	
10	 27.346437	
8	 27.347130	
8	 27.507277	
6	 27.509486	
10	 27.659620	
10	 27.665170	
8	 27.670091	
12	 27.670192	
10	 27.673381	
12	 27.676980	
8	 27.719223	
6	 27.746060	
10	 27.778414	
6	 27.828309	
4	 27.834900	
4	 27.925629	
8	 28.010993	
6	 28.126750	
4	 28.205766	
2	 28.263936	
6	 28.320904	
4	 28.326528	
6	 28.387428	
2	 28.399079	
8	 28.404590	
4	 28.455030	
2	 28.677348	
6	 28.681636	
4	 28.697072	
8	 28.818386	
6	 28.821131	
4	 28.823627	
4	 28.865293	
6	 28.887031	
6	 28.923773	
4	 28.969343	
4	 29.016785	
4	 29.065245	
6	 29.073145	
2	 29.078088	
14	 29.078375	
16	 29.078935	
8	 29.081997	
4	 29.092943	
10	 29.093472	
4	 29.094197	
14	 29.095493	
12	 29.096779	
12	 29.101174	
10	 29.108358	
6	 29.108390	
8	 29.113086	
2	 29.300406	
2	 29.306254	
4	 29.309247	
14	 29.312056	
12	 29.312180	
6	 29.318702	
4	 29.320392	
8	 29.323690	
12	 29.326219	
10	 29.326872	
10	 29.328511	
6	 29.333472	
8	 29.336084	
4	 29.451029	
2	 29.457573	
12	 29.463735	
10	 29.464165	
6	 29.467867	
4	 29.475259	
8	 29.477393	
10	 29.480837	
8	 29.485249	
6	 29.487240	
10	 29.542966	
8	 29.587402	
8	 29.598863	
10	 29.605958	
6	 29.609780	
8	 29.611615	
14	 29.631489	
12	 29.646114	
12	 29.649881	
6	 29.650675	
12	 29.661992	
10	 29.668182	
4	 29.672762	
8	 29.686864	
10	 29.702755	
10	 29.707463	
6	 29.764004	
8	 29.793799	
6	 29.796583	
2	 29.850939	
8	 29.853718	
4	 29.854720	
10	 29.861935	
12	 29.875297	
10	 29.876788	
6	 29.879521	
8	 29.889379	
10	 29.906924	
8	 29.911167	
4	 29.920861	
4	 29.928744	
6	 29.966180	
2	 29.991728	
6	 30.004989	
8	 30.015169	
4	 30.031338	
2	 30.034840	
6	 30.040134	
10	 30.041062	
8	 30.079812	
8	 30.157185	
6	 30.224909	
6	 30.326858	
4	 30.328832	
12	 30.393479	
8	 30.459365	
10	 30.525238	
10	 30.554566	
10	 30.563411	
8	 30.683021	
12	 30.695841	
10	 30.735937	
10	 30.738690	
8	 30.749797	
6	 30.783040	
10	 30.792771	
4	 30.859285	
10	 30.881621	
6	 30.915947	
6	 30.924331	
8	 31.016886	
8	 31.048058	
8	 31.075021	
6	 31.086803	
8	 31.086998	
10	 31.087110	
8	 31.097429	
6	 31.114482	
10	 31.119998	
12	 31.121350	
6	 31.126575	
6	 31.235631	
6	 31.298277	
4	 31.380723	
2	 31.456439	
10	 31.495810	
6	 31.507576	
8	 31.508369	
4	 31.510235	
10	 31.547631	
12	 31.550006	
6	 31.568891	
4	 31.575465	
4	 31.578065	
8	 31.587734	
10	 31.589241	
6	 31.590485	
8	 31.606880	
8	 31.637457	
10	 31.672868	
8	 31.676308	
4	 31.708977	
6	 31.751496	
6	 31.924565	
2	 31.925343	
16	 31.926495	
18	 31.926514	
8	 31.927760	
12	 31.929761	
14	 31.930929	
16	 31.930951	
14	 31.934018	
12	 31.934170	
10	 31.935124	
4	 31.938664	
10	 31.941496	
8	 31.946771	
6	 31.947238	
6	 31.973773	
8	 32.012638	
10	 32.093968	
8	 32.114150	
10	 32.130190	
14	 32.158003	
16	 32.158040	
10	 32.161842	
12	 32.162028	
14	 32.162050	
12	 32.163688	
4	 32.165540	
6	 32.170200	
12	 32.309161	
14	 32.309171	
8	 32.314326	
12	 32.315989	
10	 32.319760	
16	 32.380701	
14	 32.380897	
8	 32.429729	
10	 32.453749	
8	 32.454449	
14	 32.460564	
12	 32.461582	
10	 32.483344	
12	 32.483663	
10	 32.892122	
12	 32.923272	
14	 32.928910	
8	 32.989693	
6	 32.991183	
10	 33.053893	
12	 33.058812	
8	 33.059528	
10	 33.060798	
6	 33.107630	
4	 33.142263	
12	 33.938555	
10	 33.939271	
12	 33.946815	
8	 33.946945	
14	 33.947158	
10	 33.947765	
18	 35.223353	
16	 35.223677	
