1	 0.0000000	
7	 2.71881631	
5	 2.83268154	
3	 2.97541887	
5	 3.25638918	
5	 8.23486734	
3	 8.42057983	
7	 8.48643747	
9	 8.52154394	
1	 8.53634457	
9	 8.64228147	
5	 8.66252603	
7	 8.78322242	
5	 8.86410821	
7	 8.8687808	
7	 8.91695539	
5	 9.0166041	
3	 9.06349786	
5	 9.09464949	
3	 9.12471797	
5	 10.5868584	
5	 10.9554918	
3	 10.9856317	
1	 11.0254190	
9	 11.8486266	
9	 13.3832008	
7	 13.39213290	
5	 13.43190338	
7	 13.5484990	
3	 13.64873556	
5	 13.6833579	
5	 13.68365905	
11	 13.7165200	
3	 13.777668	
9	 13.7893619	
7	 13.8709071	
11	 13.936026	
5	 13.938884	
9	 14.0477596	
7	 14.1342545	
5	 14.1939185	
3	 14.19758401	
3	 14.2279247	
9	 14.3027590	
11	 14.3258922	
11	 14.32872908	
5	 14.33738425	
9	 14.34032994	
3	 14.34065127	
7	 14.39211337	
7	 14.42257518	
9	 14.42818740	
7	 14.4287113	
5	 14.43024639	
1	 14.45365319	
7	 14.4620078	
5	 14.5223112	
3	 14.5348412	
9	 14.5888022	
7	 14.59881073	
9	 14.61564135	
3	 14.62123567	
3	 14.6389756	
7	 14.6478588	
5	 14.65037773	
7	 14.69012052	
5	 14.69608321	
9	 14.7530445	
5	 14.7590337	
5	 14.88955769	
7	 14.96299725	
9	 14.97602748	
5	 14.98671559	
3	 14.99211602	
7	 15.01190125	
7	 15.06716110	
5	 15.12382234	
1	 15.1538470	
1	 15.1776442	
5	 15.21855798	
3	 15.23365822	
7	 15.25214138	
3	 15.2878495	
5	 15.31909392	
7	 15.5265486	
5	 15.5287878	
3	 15.568613	
5	 15.9153228	
7	 15.9393234	
3	 15.9405429	
9	 15.9664416	
5	 15.9758642	
1	 15.982807	
1	 16.0070763	
7	 16.0084396	
3	 16.0881585	
5	 16.1658537	
3	 16.2345513	
5	 16.2349447	
1	 16.2361718	
7	 16.2474236	
9	 16.2806657	
7	 16.56357367	
5	 16.58016355	
5	 16.5923001	
7	 16.6119390	
11	 16.6276286	
3	 16.6584978	
5	 16.6976365	
9	 16.7059857	
3	 16.7546253	
1	 16.7978843	
3	 16.82025668	
7	 16.8288007	
5	 16.83211383	
9	 16.8413528	
3	 16.84495003	
1	 16.8497173	
5	 16.85078209	
13	 16.85329769	
11	 16.85365487	
5	 16.8559342	
3	 16.85666730	
7	 16.86060079	
5	 16.86358255	
7	 16.86623155	
9	 16.87831320	
11	 16.88176497	
9	 16.89532653	
3	 16.9036208	
7	 16.9166292	
9	 16.9478894	
11	 16.95184521	
5	 16.95534862	
9	 16.95674232	
3	 16.9577119	
5	 16.9610552	
7	 16.97583585	
7	 16.9901470	
9	 16.99134796	
5	 16.9949660	
7	 16.9955294	
11	 16.9960234	
5	 17.0122163	
3	 17.0159525	
1	 17.0619787	
5	 17.0662760	
3	 17.0990884	
9	 17.1022443	
5	 17.1101770	
3	 17.1133384	
11	 17.1177911	
9	 17.1189423	
7	 17.12600346	
5	 17.13174953	
9	 17.13707847	
7	 17.14225130	
7	 17.1596554	
3	 17.173856	
3	 17.1833476	
5	 17.2022888	
7	 17.2113702	
9	 17.2192839	
3	 17.2211985	
5	 17.2314782	
5	 17.2373624	
7	 17.2486108	
5	 17.2514153	
3	 17.2636997	
7	 17.2748607	
9	 17.2828746	
5	 17.3218931	
7	 17.3256878	
1	 17.4308570	
3	 17.4794794	
7	 17.5068945	
5	 17.5120929	
5	 17.5489714	
3	 17.5727979	
7	 17.7822251	
7	 17.95476061	
5	 17.96320072	
1	 18.0879720	
3	 18.0894065	
5	 18.0926706	
11	 18.0949477	
13	 18.09568329	
3	 18.0961690	
7	 18.0989828	
5	 18.0998577	
7	 18.1043311	
9	 18.1046513	
9	 18.1053318	
11	 18.1056930	
3	 18.1080306	
5	 18.1080462	
13	 18.11022925	
15	 18.11023601	
7	 18.1107156	
5	 18.11072053	
7	 18.11333880	
9	 18.11334157	
11	 18.11449075	
13	 18.11449506	
9	 18.11497173	
11	 18.11497510	
3	 18.1284280	
11	 18.1516231	
5	 18.1532205	
9	 18.1541631	
3	 18.1547516	
7	 18.1632014	
7	 18.1706753	
9	 18.1710871	
5	 18.1729963	
3	 18.2115635	
5	 18.2177815	
1	 18.2378070	
5	 18.2663016	
7	 18.290884	
3	 18.2954395	
9	 18.2996528	
5	 18.3059815	
7	 18.3202757	
5	 18.3480939	
3	 18.3516644	
11	 18.3532240	
9	 18.3538239	
7	 18.3572822	
5	 18.3578455	
7	 18.3624299	
9	 18.3627249	
7	 18.3662474	
5	 18.3662543	
11	 18.3677369	
13	 18.3677406	
7	 18.3704356	
9	 18.37043997	
9	 18.3718735	
11	 18.37187706	
3	 18.3944867	
7	 18.4093922	
9	 18.4135790	
3	 18.4143283	
5	 18.4190872	
7	 18.4279071	
5	 18.4293197	
1	 18.4987655	
1	 18.519653	
3	 18.5336675	
5	 18.538857	
7	 18.551070	
5	 18.563743	
3	 18.568602	
5	 18.6286116	
7	 18.6897370	
5	 18.6946415	
3	 18.7416223	
1	 18.7621891	
11	 18.7677768	
3	 18.7679641	
5	 18.7681473	
13	 18.7684411	
7	 18.7715324	
5	 18.7716962	
9	 18.7735659	
9	 18.7739092	
11	 18.7740661	
3	 18.7742130	
3	 18.7761781	
5	 18.7761889	
7	 18.7764023	
13	 18.7774580	
15	 18.7774672	
7	 18.7777402	
5	 18.7777416	
5	18.7784	
7	18.7784	
15	18.7789	
17	18.7789	
7	18.7791	
9	18.7791	
7	 18.7792403	
9	 18.7792412	
9	18.7798	
11	18.7798	
13	18.7799	
15	18.7799	
11	 18.7799004	
13	 18.7799025	
11	18.7800	
13	18.7801	
9	 18.7801671	
11	 18.7801688	
3	 18.7900768	
11	 18.8029867	
5	 18.8038135	
9	 18.8044759	
3	 18.8048898	
7	 18.8094376	
7	 18.8138032	
9	 18.8139716	
5	 18.8155444	
5	 18.852390	
1	 18.8677975	
5	 18.917532	
1	 18.942728	
3	 18.9465251	
5	 18.9498036	
5	 18.962653	
3	 18.990069	
7	 19.0204420	
5	 19.0224778	
11	 19.0253296	
9	 19.0260171	
3	 19.0263356	
5	 19.0300453	
9	 19.0310603	
7	 19.0314297	
7	 19.0337942	
5	 19.0338042	
11	 19.0346656	
13	 19.0346677	
7	 19.0362107	
9	 19.0362130	
7	19.0370	
9	19.0370	
9	 19.0370363	
11	 19.0370382	
13	19.0373	
15	19.0373	
9	19.0380	
11	19.0380	
11	19.0383	
13	19.0383	
3	 19.0512341	
7	 19.0602066	
9	 19.0626759	
3	 19.0630338	
5	 19.0655316	
7	 19.0707092	
5	 19.0714894	
7	 19.074991	
1	 19.0754353	
3	 19.121489	
7	 19.1252834	
5	 19.1284371	
11	 19.1730889	
13	 19.1737911	
3	 19.174624	
7	 19.1768990	
9	 19.1769788	
9	 19.1772001	
11	 19.1772864	
7	 19.1777364	
3	 19.1788700	
5	 19.1788814	
13	 19.1796845	
15	 19.1796882	
7	 19.1798590	
5	 19.1798605	
5	 19.1801431	
5	19.18065	
7	19.18067	
7	 19.1808013	
9	 19.1808048	
15	19.18093	
17	19.18093	
7	19.18110	
9	19.18111	
11	 19.1812122	
9	 19.1813763	
11	 19.1813775	
9	19.18148	
11	19.18148	
13	19.18156	
15	19.18157	
11	19.18168	
13	19.18169	
3	 19.182722	
3	 19.188543	
11	 19.1963143	
5	 19.1968027	
9	 19.1972710	
3	 19.1975858	
7	 19.2002847	
7	 19.2030573	
9	 19.2031219	
5	 19.2042739	
1	 19.247907	
3	 19.3820668	
5	 19.3839223	
7	 19.404581	
5	 19.4068045	
11	 19.4297984	
9	 19.4309656	
9	19.4351	
11	 19.4359417	
7	 19.4361402	
5	 19.4361459	
13	 19.4366389	
13	 19.4367062	
11	 19.4367088	
7	 19.4376728	
9	 19.4376759	
9	 19.4382235	
11	 19.4382245	
9	19.4382	
9	19.4385	
11	19.4385	
5	19.44039	
7	19.44143	
11	19.44169	
13	 19.4417375	
11	19.45169	
9	 19.4547001	
5	 19.460325	
5	19.61940	
7	19.62010	
3	19.6248	
5	19.6274	
11	19.62755	
9	19.62780	
3	19.6279	
7	19.6296	
5	19.6308	
7	19.6309	
9	19.63094	
3	 19.661331	
9	19.6950	
9	19.6966	
7	19.69728	
13	19.69758	
9	19.69809	
7	19.69822	
9	19.69824	
13	19.69835	
11	19.69836	
15	19.69836	
9	19.69866	
11	19.69867	
11	19.69878	
13	19.69880	
3	19.7056	
7	19.70866	
9	19.70936	
3	19.70987	
5	19.7106	
7	19.71341	
5	19.7135	
5	19.74737	
7	19.74788	
7	19.87622	
13	19.87642	
9	19.87677	
11	19.87696	
3	19.8824	
7	19.88439	
9	19.88486	
3	19.88521	
5	19.8857	
7	19.88762	
5	19.8877	
7	20.00414	
13	20.00428	
9	20.00455	
11	20.00468	
