 E_eV      MT(a_0^2)
0.00136    110.8524  
0.00272    121.9484  
0.00408    130.1412  
0.00544    137.2557  
0.00680    143.6551  
0.00816    149.4220  
0.00952    154.7606  
0.01088    159.7215  
0.01225    164.3972  
0.01361    168.8994  
0.02721    203.5524  
0.04082    230.4063  
0.05442    253.4298  
0.06803    274.2913  
0.08163    293.7954  
0.09524    312.3568  
0.10885    330.2126  
0.12245    347.5161  
0.13606    364.3846  
0.14966    380.8884  
0.16327    397.0772  
0.17687    412.9646  
0.19048    428.5366  
0.20409    443.7530  
0.21769    458.5553  
0.23130    472.8724  
0.24490    486.6269  
0.25851    499.7412  
0.27211    512.1418  
0.28572    523.7599  
0.29933    534.5355  
0.31293    544.4141  
0.32654    553.3459  
0.34014    561.2889  
0.35375    568.2090  
0.36735    574.0834  
0.38096    578.9027  
0.39457    582.6677  
0.40817    585.3911  
0.42178    587.0967  
0.43538    587.8195  
0.44899    587.6022  
0.46259    586.4923  
0.47620    584.5476  
0.48981    581.8225  
0.50341    578.3786  
0.51702    574.2772  
0.53062    569.5802  
0.54423    564.3488  
0.55783    558.6428  
0.57144    552.5204  
0.58505    546.0251  
0.59865    539.2297  
0.61226    532.1772  
0.62586    524.9142  
0.63947    517.4831  
0.65307    509.9234  
0.66668    502.2705  
0.68028    494.5564  
0.69389    486.8100  
0.70750    479.0568  
0.72110    471.3198  
0.73471    463.6191  
0.74831    455.9716  
0.76192    448.3930  
0.77552    440.8962  
0.78913    433.4925  
0.80274    426.1910  
0.81634    418.9992  
0.82995    411.9237  
0.84355    404.9698  
0.85716    398.1412  
0.87076    391.4411  
0.88437    384.8718  
0.89798    378.4346  
0.91158    372.1299  
0.92519    365.9582  
0.93879    359.9191  
0.95240    354.0119  
0.96600    348.2354  
0.97961    342.5883  
0.99322    337.0689  
1.00682    331.6753  
1.02043    326.4051  
1.03403    321.2567  
1.04764    316.2269  
1.06124    311.3139  
1.07485    306.5147  
1.08846    301.8262  
1.10206    297.2472  
1.11567    292.7746  
1.12927    288.4062  
1.14288    284.1390  
1.15648    279.9707  
1.17009    275.8985  
1.18370    271.9201  
1.19730    268.0336  
1.21091    264.2342  
1.22451    260.5221  
1.23812    256.8938  
1.25172    253.3480  
1.26533    249.8816  
1.27894    246.4927  
1.29254    243.1797  
1.30615    239.9405  
1.31975    236.7724  
1.33336    233.6737  
1.34696    230.6429  
1.36057    227.6784  
1.37418    224.7781  
1.38778    221.9405  
1.40139    219.1642  
1.41499    216.4478  
1.42860    213.7895  
1.44220    211.1885  
1.45581    208.6431  
1.46942    206.1520  
1.48302    203.7135  
1.51023    198.6818  
1.52384    196.1100  
1.53744    193.5198  
1.55105    190.9156  
1.56466    188.3007  
1.57826    185.6775  
1.59187    183.0478  
1.60547    180.4133  
1.61908    177.7755  
1.63268    175.1360  
1.64629    172.4967  
1.65990    169.8596  
1.67350    167.2261  
1.68711    164.5985  
1.70071    161.9790  
1.71432    159.3698  
1.72792    156.7737  
1.74153    154.1940  
1.75514    151.6336  
1.76874    149.0960  
1.78235    146.5849  
1.79595    144.1033  
1.80956    141.6550  
1.82316    139.2435  
1.83677    136.8717  
1.85038    134.5435  
1.86398    132.2626  
1.87759    130.0316  
1.89119    127.8537  
1.90480    125.7316  
1.91840    123.6674  
1.93201    121.6634  
1.94562    119.7243  
1.95922    117.8432  
1.97283    116.0248  
1.98643    114.2685  
2.00004    112.5762  
2.01364    110.9470  
2.02725    109.3799  
2.04085    107.8742  
2.05446    106.4284  
2.06807    105.0410  
2.08167    103.7104  
2.09528    102.4346  
2.10888    101.2116  
2.12249    100.0391  
2.13609    98.9163   
2.14970    97.8375   
2.16331    96.8035   
2.17691    95.8113   
2.19052    94.8587   
2.20412    93.9429   
2.21773    93.0623   
2.23133    92.2147   
2.24494    91.3975   
2.25855    90.6100   
2.27215    89.8480   
2.28576    89.1144   
2.29936    88.4023   
2.31297    87.7124   
2.32657    87.0430   
2.34018    86.3929   
2.35379    85.7605   
2.36739    85.1446   
2.38100    84.5441   
2.39460    83.9575   
2.40821    83.3852   
2.42181    82.8257   
2.43542    82.2759   
2.44903    81.7359   
2.46263    81.2101   
2.47624    80.6921   
2.48984    80.1828   
2.50345    79.6813   
2.51705    79.1880   
2.53066    78.7018   
2.54427    78.2224   
2.55787    77.7497   
2.57148    77.2830   
2.58508    76.8222   
2.59869    76.3669   
2.61229    75.9168   
2.62590    75.4717   
2.63951    75.0315   
2.65311    74.5955   
2.66672    74.1643   
2.68032    73.7375   
2.69393    73.3138   
2.70753    72.8955   
2.72114    72.4802   
2.73475    72.0688   
2.74835    71.6613   
2.76196    71.2574   
2.77556    70.8568   
2.78917    70.4598   
2.80277    70.0662   
2.81638    69.6759   
2.82999    69.2888   
2.84359    68.9050   
2.85720    68.5244   
2.87080    68.1469   
2.88441    67.7725   
2.89801    67.4012   
2.91162    67.0334   
2.92523    66.6681   
2.93883    66.3062   
2.95244    65.9471   
2.96604    65.5914   
2.97965    65.2388   
2.99325    64.8891   
3.00686    64.5426   
3.02047    64.1992   
3.03407    63.8591   
3.04768    63.5221   
3.06128    63.1882   
3.07489    62.8578   
3.08849    62.5303   
3.10210    62.2060   
3.11571    61.8852   
3.12931    61.5675   
3.14292    61.2532   
3.15652    60.9421   
3.17013    60.6345   
3.18373    60.3305   
3.19734    60.0297   
3.21095    59.7326   
3.22455    59.4392   
3.23816    59.1497   
3.25176    58.8636   
3.26537    58.5816   
3.27897    58.3035   
3.29258    58.0293   
3.30618    57.7594   
3.31979    57.4937   
3.33340    57.2325   
3.34700    56.9758   
3.36061    56.7238   
3.37421    56.4766   
3.38782    56.2345   
3.40142    55.9977   
3.41503    55.7665   
3.42864    55.5409   
3.44224    55.3217   
3.45585    55.1087   
3.46945    54.9023   
3.48306    54.7046   
3.49666    54.5118   
3.51027    54.3284   
3.52388    54.1540   
3.53748    53.9889   
3.55109    53.8340   
3.56469    53.6901   
3.57830    53.5586   
3.59190    53.4404   
3.60551    53.3370   
3.61912    53.2502   
3.63272    53.1820   
3.64633    53.1346   
3.65993    53.1111   
3.67354    53.1153   
3.68714    53.1467   
3.70075    53.2247   
3.71436    53.3427   
3.72796    53.5142   
3.74157    53.7526   
3.75517    54.0739   
3.76878    54.5023   
3.78238    55.0722   
3.82320    58.5742   
3.83681    59.4508   
3.85041    59.4543   
3.86402    58.6613   
3.87762    57.3222   
3.89123    55.7225   
3.90484    54.0827   
3.91844    52.5319   
3.93205    51.1266   
3.94565    49.8795   
3.95926    48.7818   
3.97286    47.8152   
3.98647    46.9603   
4.00008    46.1990   
4.01368    45.5169   
4.02729    44.9012   
4.04089    44.3430   
4.05450    43.8330   
4.06810    43.3635   
4.08171    42.9280   
4.09532    42.5223   
4.10892    42.1423   
4.12253    41.7852   
4.13613    41.4472   
4.14974    41.1264   
4.16334    40.8203   
4.17695    40.5274   
4.19056    40.2461   
4.20416    39.9751   
4.21777    39.7133   
4.23137    39.4596   
4.24498    39.2133   
4.25858    38.9736   
4.27219    38.7399   
4.28580    38.5115   
4.29940    38.2881   
4.31301    38.0686   
4.32661    37.8544   
4.34022    37.6394   
4.35382    37.4302   
4.36743    37.2354   
4.38104    37.0294   
4.39464    36.8296   
4.40825    36.6308   
4.42185    36.4368   
4.43546    36.2468   
4.44906    36.0435   
4.46267    35.9063   
4.47628    35.6923   
4.48988    35.5048   
4.50349    35.3220   
4.51709    35.1404   
4.53070    34.9626   
4.54430    34.7852   
4.55791    34.6094   
4.57152    34.4346   
4.58512    34.2614   
4.59873    34.0893   
4.61233    33.9183   
4.62594    33.7479   
4.63954    33.5794   
4.65315    33.4114   
4.66675    33.2446   
4.68036    33.0786   
4.69397    32.9135   
4.70757    32.7495   
4.72118    32.5865   
4.73478    32.4235   
4.74839    32.2612   
4.76199    32.1003   
4.77560    31.9410   
4.78921    31.7774   
4.80281    31.6208   
4.81642    31.4625   
4.83002    31.3026   
4.84363    31.1465   
4.85723    30.9924   
4.87084    30.8358   
4.88445    30.6827   
4.89805    30.5297   
4.93887    30.1094   
4.95247    29.9458   
4.96608    29.8042   
4.97969    29.6097   
4.99329    29.4403   
5.00690    29.2668   
5.02050    29.0905   
5.03411    28.9116   
5.04771    28.7298   
5.06132    28.5445   
5.07493    28.3554   
5.08853    28.1618   
5.10214    27.9627   
5.14295    27.3218   
5.15656    27.1028   
5.17017    26.8584   
5.18377    26.5875   
5.19738    26.3269   
5.21098    26.0556   
5.22459    25.7713   
5.23819    25.4734   
5.25180    25.1594   
5.26541    24.8316   
5.27901    24.4848   
5.29262    24.1198   
5.30622    23.7347   
5.31983    23.3276   
5.33343    22.8890   
5.37425    21.6719   
5.38786    21.3340   
5.40146    21.0308   
5.41507    20.7956   
5.42867    20.6555   
5.44228    20.6332   
5.45589    20.7421   
5.52391    22.8849   
5.53752    23.3189   
5.55113    23.6368   
5.56473    23.8559   
5.57834    23.9991   
5.59194    24.0839   
5.60555    24.1261   
5.61915    24.1375   
5.63276    24.1266   
5.64637    24.1006   
5.65997    24.0619   
5.70079    23.7763   
5.71439    23.6509   
5.72800    23.5312   
5.74161    23.4147   
5.78242    23.0767   
5.79603    22.9648   
5.80963    22.8574   
5.82324    22.7519   
5.83685    22.6485   
5.85045    22.5468   
5.86406    22.4462   
5.87766    22.3472   
5.89127    22.2497   
5.90487    22.1540   
5.91848    22.0636   
5.93209    21.9608   
5.94569    21.8652   
5.95930    21.7702   
5.97290    21.6773   
5.98651    21.5910   
6.00011    21.5212   
6.01372    21.4514   
6.02732    21.3441   
6.04093    21.1253   
6.05454    20.0075   
6.06814    20.4613   
6.08175    20.9188   
6.09535    21.0207   
6.10896    20.9464   
6.14978    20.3964   
6.16338    20.3234   
6.17699    20.2579   
6.21780    19.9646   
6.23141    19.8821   
6.24502    19.8015   
6.25862    19.7222   
6.27223    19.6441   
6.28583    19.5667   
6.29944    19.4900   
6.31304    19.4133   
6.32665    19.3371   
6.34026    19.2596   
6.35386    19.1822   
6.36747    19.1046   
6.38107    19.0270   
6.39468    18.9495   
6.40828    18.8729   
6.42189    18.7965   
6.43550    18.7206   
6.44910    18.6458   
6.46271    18.5720   
6.47631    18.4990   
6.48992    18.4283   
6.50352    18.3612   
6.51713    18.2995   
6.53074    18.2480   
6.57155    18.0820   
6.58516    18.0033   
6.59876    17.9305   
6.61237    17.8574   
6.62598    17.7880   
6.63958    17.7167   
6.65319    17.6467   
6.66679    17.5735   
6.68040    17.4717   
6.69400    17.4452   
6.70761    17.3830   
6.72122    17.3184   
6.73482    17.2527   
6.74843    17.1694   
6.76203    17.0739   
6.77564    16.9621   
6.81646    16.8454   
6.83006    16.7900   
6.84367    16.7270   
6.88448    16.5389   
6.89809    16.4802   
6.91170    16.4225   
6.92530    16.3650   
6.93891    16.3061   
6.95251    16.2481   
6.96612    16.1885   
6.97972    16.1297   
6.99333    16.0696   
7.00694    15.9996   
7.07496    15.7301   
7.08857    15.6748   
7.10218    15.6200   
7.14299    15.4599   
7.15660    15.4071   
7.17020    15.3548   
7.18381    15.3025   
7.19742    15.2501   
7.21102    15.1978   
7.22463    15.1457   
7.23823    15.0940   
7.25184    15.0428   
7.26544    14.9922   
7.27905    14.9419   
7.29265    14.8919   
7.30626    14.8422   
7.31987    14.7928   
7.33347    14.7434   
7.34708    14.6954   
7.36068    14.6450   
7.37429    14.5966   
7.38789    14.5481   
7.40150    14.5003   
7.41511    14.4523   
7.42871    14.4046   
7.44232    14.3570   
7.45592    14.3094   
7.46953    14.2618   
7.48313    14.2169   
7.61919    13.7574   
7.75525    13.3213   
7.89131    12.9146   
8.02736    12.5291   
8.16342    12.1563   
8.29948    11.7962   
8.43553    11.4566   
8.57159    11.1307   
8.70765    10.8164   
8.84370    10.5176   
8.97976    10.2345   
9.11582    9.9649    
9.25188    9.7042    
9.38793    9.4631    
9.52399    9.2254    
9.66005    8.9984    
9.79610    8.7821    
9.93216    8.5732    
10.06822   8.3735    
10.20427   8.1819    
10.34033   7.9963    
10.47639   7.8192    
10.61245   7.6521    
10.74850   7.4897    
10.88456   7.3315    
11.02062   7.1811    
11.15667   7.0360    
11.29273   6.8977    
11.42879   6.7647    
11.56484   6.6362    
11.70090   6.5128    
11.83696   6.3945    
11.97302   6.2825    
12.10907   6.1738    
12.24513   6.0685    
12.38119   5.9671    
12.51724   5.8680    
12.65330   5.7725    
12.78936   5.6828    
12.92541   5.5982    
13.06147   5.5157    
13.19753   5.4334    
13.33359   5.3526    
13.46964   5.2749    
13.60570   5.2030    
14.96627   4.5898    
16.32684   4.1371    
17.68741   3.7987    
19.04798   3.5433    
20.40855   3.3508    
21.76912   3.2111    
23.12969   3.1131    
24.49026   3.0465    
25.85083   3.0067    
27.21140   2.9901    
28.57197   2.9895    
29.93254   3.0022    
31.29311   3.0315    
32.65368   3.0680    
34.01425   3.1093    
35.37482   3.1612    
36.73539   3.2172    
38.09596   3.2792    
39.45653   3.3498    
40.81710   3.4499    
42.17767   3.5177    
43.53824   3.5047    
44.89881   3.5789    
46.25938   3.6487    
47.61995   3.7194    
48.98052   3.7877    
50.34109   3.8568    
51.70166   3.9243    
53.06223   3.9910    
54.42280   4.0567    
61.22565   4.3675    
68.02850   4.6448    
74.83135   4.8852    
81.63420   5.0889    
88.43705   5.2575    
95.23990   5.3936    
102.0427   5.4996    
108.8456   5.5791    
115.6484   5.6344    
122.4513   5.6683    
129.2541   5.6838    
136.0570   5.6825    
                     
